image_width: 1920
image_height: 1080
camera_name: usb_cam
camera_matrix:
  rows: 3
  cols: 3
  data: [1248.264930, 0.000000, 981.899942, 0.000000, 1252.550501, 388.174241,
0.000000, 0.000000, 1.000000]
distortion_model: plumb_bob
distortion_coefficients:
  rows: 1
  cols: 5
  data: [-0.382020, 0.111256, -0.000995, 0.003590, 0.000000]
rectification_matrix:
  rows: 3
  cols: 3
  data: [1.000000, 0.000000, 0.000000, 0.000000, 1.000000, 0.000000, 0.000000, 0.000000, 1.000000]
projection_matrix:
  rows: 3
  cols: 4
  data: [877.656982, 0.000000, 1021.693302, 0.000000, 0.000000, 1119.110718, 360.416083, 0.000000, 0.000000, 0.000000, 1.000000, 0.000000]


