image_width: 1920
image_height: 1080
camera_name: usb_cam
camera_matrix:
  rows: 3
  cols: 3
  data: [1281.940875, 0.000000, 1064.660655, 0.000000, 1283.827665, 302.580656,
0.000000, 0.000000, 1.000000]
distortion_model: plumb_bob
distortion_coefficients:
  rows: 1
  cols: 5
  data: [-0.406910, 0.129638, -0.001101, -0.004330, 0.000000]
rectification_matrix:
  rows: 3
  cols: 3
  data: [1.000000, 0.000000, 0.000000, 0.000000, 1.000000, 0.000000, 0.000000, 0.000000, 1.000000]
projection_matrix:
  rows: 3
  cols: 4
  data: [942.396606, 0.000000, 1080.318509, 0.000000, 0.000000, 1091.074707, 263.603982, 0.000000, 0.000000, 0.000000, 1.000000, 0.000000]
