image_width: 1920
image_height: 1080
camera_name: usb_cam
camera_matrix:
  rows: 3
  cols: 3
  data: [1264.986434, 0.000000, 999.269190, 0.000000, 1265.341155, 374.978606,
0.000000, 0.000000, 1.000000]
distortion_model: plumb_bob
distortion_coefficients:
  rows: 1
  cols: 5
  data: [-0.377110, 0.110065, -0.004273, 0.002526, 0.000000]
rectification_matrix:
  rows: 3
  cols: 3
  data: [1.000000, 0.000000, 0.000000, 0.000000, 1.000000, 0.000000, 0.000000, 0.000000, 1.000000]
projection_matrix:
  rows: 3
  cols: 4
  data: [905.391602, 0.000000, 1042.611195, 0.000000, 0.000000, 1122.825684, 343.355165, 0.000000, 0.000000, 0.000000, 1.000000, 0.000000]
